       0       0
     0,1       0
     0,2       0
     0,3       0
     0,4       0
     0,5       0
     0,6 0,001232
     0,7 0,00676
     0,8  0,0158
     0,9 0,02718
       1 0,03992
     1,1 0,05328
     1,2 0,06664
     1,3 0,07935
     1,4 0,09054
     1,5 0,09867
     1,6  0,1014
     1,7  0,1003
     1,8 0,09769
     1,9 0,09351
       2 0,08779
     2,1 0,08226
     2,2 0,07713
     2,3 0,07239
     2,4 0,06806
     2,5 0,06407
     2,6 0,06043
     2,7 0,05707
     2,8 0,05401
     2,9 0,05116
       3 0,04856
     3,1 0,04615
     3,2 0,04392
     3,3 0,04182
     3,4 0,03989
     3,5 0,03809
     3,6 0,03642
     3,7 0,03483
     3,8 0,03337
     3,9 0,03201
       4 0,03071
     4,1 0,02949
     4,2 0,02836
     4,3  0,0273
     4,4  0,0263
     4,5 0,02532
     4,6  0,0244
     4,7 0,02356
     4,8 0,02276
     4,9 0,02201
       5 0,02129
