       0       0
     0,1       0
     0,2 0,002676
     0,3 0,01394
     0,4 0,02767
     0,5 0,04208
     0,6   0,057
     0,7 0,07266
     0,8 0,09027
     0,9 0,09482
       1 0,08612
     1,1  0,0774
     1,2 0,06953
     1,3 0,06263
     1,4 0,05665
     1,5 0,05145
     1,6 0,04691
     1,7 0,04296
     1,8 0,03963
     1,9 0,03641
       2  0,0337
     2,1 0,03128
     2,2 0,02912
     2,3 0,02718
     2,4 0,02544
     2,5 0,02386
     2,6 0,02243
     2,7 0,02113
     2,8 0,01994
     2,9 0,01885
       3 0,01789
     3,1 0,01696
     3,2 0,01612
     3,3 0,01534
     3,4 0,01458
     3,5 0,01391
     3,6 0,01334
     3,7  0,0127
     3,8 0,01216
     3,9 0,01165
       4 0,01118
     4,1 0,01073
     4,2 0,01032
     4,3 0,009916
     4,4 0,009542
     4,5 0,009212
     4,6 0,008862
     4,7 0,008555
     4,8 0,008255
     4,9 0,007974
       5 0,00771
